,e2e_delta
0,1022804019
1,767402456
2,798502692
3,730988144
4,716758959
5,701143116
6,665903012
7,412163046
8,671426367
9,122122929
10,695420709
11,115675415
12,733217364
13,126694412
14,689547727
15,143862073
16,702620309
17,130331268
18,657559898
19,136497794
20,697264563
21,4219472160
22,698106344
23,127234570
24,670396195
25,252527069
26,681534362
27,667907255
28,681860405
29,649580074
30,650910900
31,665799827
32,667561537
33,649662475
34,649289407
35,1027619244
36,671876363
37,669554868
38,735599591
39,504433224
40,690939697
41,647480784
42,719487557
43,492552516
44,690641164
45,519044345
46,764595792
47,698846331
48,716834666
49,716731178
50,683160073
51,703438082
52,732210835
53,597361145
54,700103837
55,514116261
56,719372219
57,717352388
58,582739309
59,751739746
60,698551772
61,701053010
62,769116476
63,750749187
64,712682532
65,801569630
66,748433165
67,866801553
68,750151129
69,128277444
70,738159846
71,124602257
72,724961799
73,141808722
74,742058682
75,564860320
76,717850647
77,732537284
78,717812317
79,715921601
80,769676089
81,696834943
82,560332960
83,740925060
84,748497727
85,766662262
86,732941362
87,718612226
88,715208029
89,699113695
90,701741494
91,732888819
92,767455918
93,732103619
94,733637780
95,683501033
96,716100590
97,717131108
98,698915587
99,717181006
100,716739397
101,700232721
102,716904711
103,716757787
104,683613809
105,732374474
106,734728473
107,733190046
108,698431128
109,717399878
110,733119218
111,732732036
112,718391545
113,714729379
114,750961627
115,733365634
116,699509991
117,751427151
118,878053580
119,737269213
120,580619361
121,719141037
122,116513464
123,699983645
124,117172263
125,733192160
126,126957260
127,708959329
128,513124171
129,718292352
