,local_delta
0,287698251
1,128222942
2,138042416
3,114757605
4,129955850
5,94677673
6,88099743
7,97408959
8,92663154
9,146971846
10,100090872
11,97054431
12,90475459
13,104060954
14,108676032
15,102697526
16,107272136
17,100447696
18,106370423
19,91004679
20,87635949
21,107161877
22,99718795
23,114818969
24,104766371
25,85578670
26,99120050
27,127225669
28,106551206
29,101291497
30,94854035
31,142266262
32,96683556
33,101332957
34,116137403
35,85503362
36,92757851
37,99485729
38,92850143
39,87837203
40,87619913
41,137757594
42,82327393
43,102906754
44,112394147
45,106706316
46,95542734
47,148067746
48,97973554
49,100521613
50,94665553
51,115634809
52,96397627
53,113165345
54,100374480
55,107337410
56,86016385
57,118445160
58,96145338
59,125201320
60,120063954
61,115366429
62,90520528
63,102161557
64,100614482
65,90393498
66,87841274
67,98268038
68,148764471
69,102604680
70,103517176
71,86358523
72,85011968
73,95065713
74,87599454
75,104689879
76,97488044
77,95666492
78,96969454
79,92880258
80,87767058
81,119525266
82,112278795
83,102553121
84,98558717
85,100896152
86,110027559
87,90209182
88,91198239
89,119370894
90,93992286
91,95844359
92,88375234
93,128145690
94,103928430
95,93321562
96,93139012
97,130678282
98,93604687
99,106112326
